INSERT INTO place (name,latitude,longitude) VALUES ('Area de esparcimiento',19.0580159920845,-98.2833185791969);
INSERT INTO place (name,latitude,longitude) VALUES ('Area de esparcimiento - Salida',19.0580083865055,-98.2836592197418);
INSERT INTO place (name,latitude,longitude) VALUES ('Cancha de beisbol 1',19.0588221814764,-98.2832220196724);
INSERT INTO place (name,latitude,longitude) VALUES ('Cancha de beisbol 1 - Salida ',19.0582416241016,-98.2835975289345);
INSERT INTO place (name,latitude,longitude) VALUES ('Parada Autobus Foraneo',19.057620501516,-98.2837477326393);
INSERT INTO place (name,latitude,longitude) VALUES ('Acceso Principal',19.0568650105012,-98.2837209105492);
INSERT INTO place (name,latitude,longitude) VALUES ('Planta Fisica',19.0564568411049,-98.2834419608116);
INSERT INTO place (name,latitude,longitude) VALUES ('Estacionamiento 9 - Entrada',19.0564365593696,-98.2830584049225);
INSERT INTO place (name,latitude,longitude) VALUES ('Sorteo UDLA',19.0564036015444,-98.2824441790581);
INSERT INTO place (name,latitude,longitude) VALUES ('Estacionamiento 9',19.0567686724734,-98.2827311754227);
INSERT INTO place (name,latitude,longitude) VALUES ('Recursos Humanos',19.0563681084946,-98.2821598649025);
INSERT INTO place (name,latitude,longitude) VALUES ('Publicaciones',19.0567407851391,-98.2821330428124);
INSERT INTO place (name,latitude,longitude) VALUES ('Estacionamiento 10',19.056286981495,-98.281706571579);
INSERT INTO place (name,latitude,longitude) VALUES ('Estacionamiento 10 - 2',19.0560841638225,-98.2811459898949);
INSERT INTO place (name,latitude,longitude) VALUES ('Estacionamiento 10 - 3',19.0558128947978,-98.2806739211082);
INSERT INTO place (name,latitude,longitude) VALUES ('Ecozona',19.0564289537182,-98.2808831334114);
INSERT INTO place (name,latitude,longitude) VALUES ('Cancha de futbol americano 1',19.0565506440986,-98.2814222574234);
INSERT INTO place (name,latitude,longitude) VALUES ('Estacionamiento 10 - 4',19.0554909207067,-98.2803869247436);
INSERT INTO place (name,latitude,longitude) VALUES ('Cancha de futbol rapido',19.0555543014827,-98.280094563961);
INSERT INTO place (name,latitude,longitude) VALUES ('Estacionamiento 11',19.0549331688338,-98.2797968387604);
INSERT INTO place (name,latitude,longitude) VALUES ('Estacionamiento 11 - 2',19.0545833053382,-98.2797566056252);
INSERT INTO place (name,latitude,longitude) VALUES ('Estacionamiento 11 - 3',19.0549078164314,-98.280089199543);
INSERT INTO place (name,latitude,longitude) VALUES ('Estacionamiento 11 - 4',19.054466684009,-98.2800462841988);
INSERT INTO place (name,latitude,longitude) VALUES ('Estacionamiento 12 - 3',19.0533384951786,-98.2798692584038);
INSERT INTO place (name,latitude,longitude) VALUES ('Estacionamiento 12 - 2',19.0539241402258,-98.2798746228218);
INSERT INTO place (name,latitude,longitude) VALUES ('Estacionamiento 12',19.0542258353523,-98.2799255847931);
INSERT INTO place (name,latitude,longitude) VALUES ('Estacionamiento 3',19.0538531530574,-98.2807731628418);
INSERT INTO place (name,latitude,longitude) VALUES ('Estacionamiento 3 - 2',19.0538937171573,-98.2804620265961);
INSERT INTO place (name,latitude,longitude) VALUES ('Estacionamiento 12 - 4',19.0525677730049,-98.2800489664078);
INSERT INTO place (name,latitude,longitude) VALUES ('Estacionamiento 13',19.052027758296,-98.280086517334);
INSERT INTO place (name,latitude,longitude) VALUES ('Agora',19.0530875038112,-98.2810869812965);
INSERT INTO place (name,latitude,longitude) VALUES ('Humanidades',19.0535007520221,-98.2809099555016);
INSERT INTO place (name,latitude,longitude) VALUES ('Humanidades - 2',19.0532649724942,-98.2804620265961);
INSERT INTO place (name,latitude,longitude) VALUES ('Humanidades - 3',19.0528998938543,-98.2805827260017);
INSERT INTO place (name,latitude,longitude) VALUES ('Humanidades - 4',19.052547490794,-98.2811057567596);
INSERT INTO place (name,latitude,longitude) VALUES ('Colegio Ignacio Bernal - Entrada',19.0517108474371,-98.2801562547684);
INSERT INTO place (name,latitude,longitude) VALUES ('Colegio Ignacio Bernal',19.0514243594997,-98.280263543129);
INSERT INTO place (name,latitude,longitude) VALUES ('Acceso Periferico Ecologico',19.0513483006722,-98.2790377736092);
INSERT INTO place (name,latitude,longitude) VALUES ('Acceso Periferico Ecologico - 2',19.052042970002,-98.2793569564819);
INSERT INTO place (name,latitude,longitude) VALUES ('Circuito - CB - 1',19.0519035293114,-98.2805183529854);
INSERT INTO place (name,latitude,longitude) VALUES ('Circuito - CB - 2',19.0515992946707,-98.280810713768);
INSERT INTO place (name,latitude,longitude) VALUES ('Parada 2',19.0517767649456,-98.2807838916779);
INSERT INTO place (name,latitude,longitude) VALUES ('Circuito - Estacionamiento 4',19.0512443535515,-98.2824844121933);
INSERT INTO place (name,latitude,longitude) VALUES ('Estacionamiento 4',19.0520683228422,-98.2818031311035);
INSERT INTO place (name,latitude,longitude) VALUES ('Estacionamiento 4 - 2',19.0516500004829,-98.2822188735008);
INSERT INTO place (name,latitude,longitude) VALUES ('Hacienda - Rectoria',19.0529151054803,-98.282079398632);
INSERT INTO place (name,latitude,longitude) VALUES ('Danza',19.0522483278965,-98.2825112342834);
INSERT INTO place (name,latitude,longitude) VALUES ('Silo',19.0521367754915,-98.2822751998901);
INSERT INTO place (name,latitude,longitude) VALUES ('Estacionamiento 5 - Entrada',19.0518832470194,-98.284238576889);
INSERT INTO place (name,latitude,longitude) VALUES ('Parada 3',19.0519719820287,-98.2844504714012);
INSERT INTO place (name,latitude,longitude) VALUES ('Estacionamiento 5',19.0522229750837,-98.2838040590286);
INSERT INTO place (name,latitude,longitude) VALUES ('Jardin de la meditacion - Salida',19.0514649241935,-98.2829833030701);
INSERT INTO place (name,latitude,longitude) VALUES ('Jardin de la meditacion',19.0518274707036,-98.2831683754921);
INSERT INTO place (name,latitude,longitude) VALUES ('Jardin de la meditacion - Entrada',19.0522242427245,-98.2832749933004);
INSERT INTO place (name,latitude,longitude) VALUES ('Negocios',19.0525829846613,-98.2836109399796);
INSERT INTO place (name,latitude,longitude) VALUES ('Ciencias Sociales',19.0529987693986,-98.2834044098854);
INSERT INTO place (name,latitude,longitude) VALUES ('Negocios - Entrada - 1',19.0527680597036,-98.2839676737785);
INSERT INTO place (name,latitude,longitude) VALUES ('Negocios - Entrada - 2',19.0524080505276,-98.2832005620003);
INSERT INTO place (name,latitude,longitude) VALUES ('Estacionamiento 6',19.0529404581873,-98.2843592762947);
INSERT INTO place (name,latitude,longitude) VALUES ('Playita',19.0535058225459,-98.2837235927582);
INSERT INTO place (name,latitude,longitude) VALUES ('Fuente',19.0535134283313,-98.2832166552544);
INSERT INTO place (name,latitude,longitude) VALUES ('Auditorio',19.0534804699253,-98.2826265692711);
INSERT INTO place (name,latitude,longitude) VALUES ('Centro Social',19.0537061081121,-98.2837209105492);
INSERT INTO place (name,latitude,longitude) VALUES ('Sala de Videojuegos',19.0539114639479,-98.2836350798607);
INSERT INTO place (name,latitude,longitude) VALUES ('CIRIA',19.0544083733137,-98.283141553402);
INSERT INTO place (name,latitude,longitude) VALUES ('CIRIA - Entrada',19.0540965375081,-98.2833132147789);
INSERT INTO place (name,latitude,longitude) VALUES ('Estacionamiento 14 - Entrada',19.0521925517034,-98.2851049304008);
INSERT INTO place (name,latitude,longitude) VALUES ('Estacionamiento 14 - Salida',19.0523395979902,-98.2855314016342);
INSERT INTO place (name,latitude,longitude) VALUES ('Estacionamiento 14',19.0526438312734,-98.2852926850319);
INSERT INTO place (name,latitude,longitude) VALUES ('Colegio Ray Lindley - Entrada',19.0537137138884,-98.2846409082413);
INSERT INTO place (name,latitude,longitude) VALUES ('Colegio Ray Lindley',19.053341030443,-98.2849735021591);
INSERT INTO place (name,latitude,longitude) VALUES ('Andador',19.0534348351986,-98.283868432045);
INSERT INTO place (name,latitude,longitude) VALUES ('Zona del lago',19.0539190697147,-98.2846301794052);
INSERT INTO place (name,latitude,longitude) VALUES ('Comedor',19.0539216049703,-98.284048140049);
INSERT INTO place (name,latitude,longitude) VALUES ('Servicios Medicos',19.0538125889476,-98.2848474383354);
INSERT INTO place (name,latitude,longitude) VALUES ('CAIL',19.0539849863459,-98.2855743169784);
INSERT INTO place (name,latitude,longitude) VALUES ('Andador - 2',19.054144707305,-98.285316824913);
INSERT INTO place (name,latitude,longitude) VALUES ('Templo del Dolor',19.0548444354084,-98.2855367660522);
INSERT INTO place (name,latitude,longitude) VALUES ('Andador  - 3',19.054499642219,-98.2862931489944);
INSERT INTO place (name,latitude,longitude) VALUES ('Parada 4',19.0545655586195,-98.2862804085016);
INSERT INTO place (name,latitude,longitude) VALUES ('Cancha de futbol CAIL 1',19.0536883612996,-98.2863360643387);
INSERT INTO place (name,latitude,longitude) VALUES ('Cancha de futbol CAIL 2',19.0530038399377,-98.2858371734619);
INSERT INTO place (name,latitude,longitude) VALUES ('Acceso Camino Real',19.0527984829784,-98.2873070240021);
INSERT INTO place (name,latitude,longitude) VALUES ('Alberca',19.0540813259904,-98.2872346043587);
INSERT INTO place (name,latitude,longitude) VALUES ('Cancha de tenis',19.0533613125568,-98.2876101136208);
INSERT INTO place (name,latitude,longitude) VALUES ('Gimnasio Pesas',19.0537492075061,-98.2875189185142);
INSERT INTO place (name,latitude,longitude) VALUES ('Estacionamiento 7',19.0539570985436,-98.2868269085884);
INSERT INTO place (name,latitude,longitude) VALUES ('Alberca - Entrada ',19.0543449920998,-98.2870870828628);
INSERT INTO place (name,latitude,longitude) VALUES ('Cancha de basquetbol',19.0536275150707,-98.2871943712234);
INSERT INTO place (name,latitude,longitude) VALUES ('Estacionamiento 7 - 2',19.0541675245723,-98.2866606116295);
INSERT INTO place (name,latitude,longitude) VALUES ('Gimnasio Morris Williams',19.05445654302,-98.2868564128876);
INSERT INTO place (name,latitude,longitude) VALUES ('Helipuerto',19.0550345784047,-98.2867893576622);
INSERT INTO place (name,latitude,longitude) VALUES ('Cancha de futbol americano 2',19.0541092137718,-98.2883986830711);
INSERT INTO place (name,latitude,longitude) VALUES ('Cancha de futbol sintetica',19.0556151470049,-98.2877227663994);
INSERT INTO place (name,latitude,longitude) VALUES ('Gimnasio Comunidad',19.0547557019355,-98.2873392105102);
INSERT INTO place (name,latitude,longitude) VALUES ('Cancha de futbol',19.0557799368487,-98.2864406704903);
INSERT INTO place (name,latitude,longitude) VALUES ('Cancha de beisbol 2 - Entrada',19.0559092333807,-98.2857432961464);
INSERT INTO place (name,latitude,longitude) VALUES ('Cancha de beisbol 2',19.0558002186643,-98.2851853966713);
INSERT INTO place (name,latitude,longitude) VALUES ('Templo del Dolor - Entrada ',19.0550573955496,-98.286030292511);
INSERT INTO place (name,latitude,longitude) VALUES ('Zona Residencial',19.0552373973606,-98.2889592647552);
INSERT INTO place (name,latitude,longitude) VALUES ('Hostal San Andres',19.0575748679282,-98.29520881176);
INSERT INTO place (name,latitude,longitude) VALUES ('Circuito',19.05634529153,-98.2852685451508);
INSERT INTO place (name,latitude,longitude) VALUES ('Circuito - Escudo Floral',19.0562793758367,-98.2841742038727);
INSERT INTO place (name,latitude,longitude) VALUES ('Escudo Foral',19.0564010663268,-98.2839086651802);
INSERT INTO place (name,latitude,longitude) VALUES ('Acceso Principal - 2',19.0568878273943,-98.2839730381966);
INSERT INTO place (name,latitude,longitude) VALUES ('Estacionamiento 15',19.0566317709692,-98.284595310688);
INSERT INTO place (name,latitude,longitude) VALUES ('Parada 1',19.055445286533,-98.2830986380577);
INSERT INTO place (name,latitude,longitude) VALUES ('Estacionamiento 1',19.0554909207067,-98.2825568318367);
INSERT INTO place (name,latitude,longitude) VALUES ('CACE - Entrada',19.0551435936243,-98.2824414968491);
INSERT INTO place (name,latitude,longitude) VALUES ('CACE',19.0549940145838,-98.2824414968491);
INSERT INTO place (name,latitude,longitude) VALUES ('Estacionamiento 2',19.0550345784047,-98.2816180586815);
INSERT INTO place (name,latitude,longitude) VALUES ('CACE - Estacionamiento 1',19.0549864088662,-98.2821035385132);
INSERT INTO place (name,latitude,longitude) VALUES ('Jadin DGTI',19.054664433171,-98.2819399237633);
INSERT INTO place (name,latitude,longitude) VALUES ('DGTI',19.0543576683445,-98.2820498943329);
INSERT INTO place (name,latitude,longitude) VALUES ('Ingenieria A',19.0544413315353,-98.2823181152344);
INSERT INTO place (name,latitude,longitude) VALUES ('Ingenieria B',19.0540255504135,-98.2825058698654);
INSERT INTO place (name,latitude,longitude) VALUES ('Ingenieria B - 2',19.0538379415174,-98.2821062207222);
INSERT INTO place (name,latitude,longitude) VALUES ('Plaza de las Banderas',19.0538835761333,-98.2829216122627);
INSERT INTO place (name,latitude,longitude) VALUES ('Ingenieria A - 2',19.054144707305,-98.2816368341446);
INSERT INTO place (name,latitude,longitude) VALUES ('Laboratorios A',19.0537796306011,-98.2814168930054);
INSERT INTO place (name,latitude,longitude) VALUES ('Laboratorios B - Planta Piloto',19.0543373863525,-98.280810713768);
INSERT INTO place (name,latitude,longitude) VALUES ('Andador - 4',19.0536046977291,-98.2823154330254);
INSERT INTO place (name,latitude,longitude) VALUES ('Andador - 5',19.0538075184332,-98.2826855778694);
INSERT INTO place (name,latitude,longitude) VALUES ('Colegio Cain Murray - Entrada ',19.0545148536984,-98.2837557792664);
INSERT INTO place (name,latitude,longitude) VALUES ('Colegio Cain Murray',19.0547557019355,-98.2842439413071);
INSERT INTO place (name,latitude,longitude) VALUES ('Andador - 6',19.0543171043581,-98.2838308811188);
INSERT INTO place (name,latitude,longitude) VALUES ('Estacionamiento 8',19.0552373973606,-98.2838228344917);
INSERT INTO place (name,latitude,longitude) VALUES ('Estatua',19.0548064067829,-98.2827231287956);
INSERT INTO place (name,latitude,longitude) VALUES ('CIRIA - 2',19.0540128741435,-98.2830825448036);
INSERT INTO place (name,latitude,longitude) VALUES ('Ciencias - Entrada ',19.0542283706031,-98.2813793420792);
INSERT INTO place (name,latitude,longitude) VALUES ('Ciencias',19.0541523130611,-98.2812398672104);
INSERT INTO place (name,latitude,longitude) VALUES ('Esq LA - 1',19.0539900568549,-98.2815027236938);
INSERT INTO place (name,latitude,longitude) VALUES ('Esq LA - 2',19.0538075184332,-98.2810735702515);
INSERT INTO place (name,latitude,longitude) VALUES ('Laboratorios B - Entrada Sur',19.0541979475905,-98.2808804512024);
INSERT INTO place (name,latitude,longitude) VALUES ('LB - Esq SE',19.0541168195295,-98.2807034254074);
INSERT INTO place (name,latitude,longitude) VALUES ('Laboratorios B - Entrada Este',19.0543044281103,-98.280628323555);
INSERT INTO place (name,latitude,longitude) VALUES ('LB - Esq NE',19.0544768249974,-98.2805532217026);
INSERT INTO place (name,latitude,longitude) VALUES ('Laboratorios B - Entrada Norte',19.0544971069723,-98.2806980609894);
INSERT INTO place (name,latitude,longitude) VALUES ('LB - Esq NO',19.0545275299301,-98.280799984932);
INSERT INTO place (name,latitude,longitude) VALUES ('Laboratorios B - Entrada Oeste',19.0543449920998,-98.2808804512024);
INSERT INTO place (name,latitude,longitude) VALUES ('LB - Esq SO',19.0541979475905,-98.280987739563);
INSERT INTO place (name,latitude,longitude) VALUES ('Almacen de reactivos',19.0545833053382,-98.280982375145);
INSERT INTO place (name,latitude,longitude) VALUES ('LA - Sal E',19.0536300503306,-98.2811540365219);
INSERT INTO place (name,latitude,longitude) VALUES ('Ciencias Sociales - Entrada 2',19.0527629891572,-98.2830020785332);
INSERT INTO place (name,latitude,longitude) VALUES ('Andador SR',19.0529911635896,-98.2828196883202);
INSERT INTO place (name,latitude,longitude) VALUES ('Andador AR',19.0531787734433,-98.2823315262794);
INSERT INTO place (name,latitude,longitude) VALUES ('Andador AH',19.0535438514695,-98.2821759581566);
INSERT INTO place (name,latitude,longitude) VALUES ('Andador Sub Estacion',19.0535387809469,-98.2842788100243);
INSERT INTO place (name,latitude,longitude) VALUES ('Colegio Jose Gaos - Entrada',19.0517615532152,-98.2851545512676);
INSERT INTO place (name,latitude,longitude) VALUES ('Colegio Jose Gaos',19.0514167536186,-98.2853020727634);
INSERT INTO place (name,latitude,longitude) VALUES ('Salida CG',19.0519605732445,-98.2850465923548);
INSERT INTO place (name,latitude,longitude) VALUES ('Andador E14 - E6',19.0521507195462,-98.2850009948015);
INSERT INTO place (name,latitude,longitude) VALUES ('Andador E14 - E6 2',19.0526400283608,-98.2847663015127);
INSERT INTO place (name,latitude,longitude) VALUES ('Estatua NE - E6',19.0524017123308,-98.2842714339495);

INSERT INTO path (place_id1,place_id2,distance) VALUES (3,4,75.7479251335447);
INSERT INTO path (place_id1,place_id2,distance) VALUES (4,3,75.7479251335447);
INSERT INTO path (place_id1,place_id2,distance) VALUES (4,2,26.7629656802158);
INSERT INTO path (place_id1,place_id2,distance) VALUES (2,4,26.7629656802158);
INSERT INTO path (place_id1,place_id2,distance) VALUES (2,1,35.8514802281527);
INSERT INTO path (place_id1,place_id2,distance) VALUES (1,2,35.8514802281527);
INSERT INTO path (place_id1,place_id2,distance) VALUES (2,5,44.1721022509695);
INSERT INTO path (place_id1,place_id2,distance) VALUES (5,2,44.1721022509695);
INSERT INTO path (place_id1,place_id2,distance) VALUES (5,6,84.1482137163761);
INSERT INTO path (place_id1,place_id2,distance) VALUES (6,5,84.1482137163761);
INSERT INTO path (place_id1,place_id2,distance) VALUES (6,7,54.0925703040037);
INSERT INTO path (place_id1,place_id2,distance) VALUES (7,6,54.0925703040037);
INSERT INTO path (place_id1,place_id2,distance) VALUES (7,8,40.4204295989192);
INSERT INTO path (place_id1,place_id2,distance) VALUES (8,7,40.4204295989192);
INSERT INTO path (place_id1,place_id2,distance) VALUES (8,9,64.7322280666355);
INSERT INTO path (place_id1,place_id2,distance) VALUES (9,8,64.7322280666355);
INSERT INTO path (place_id1,place_id2,distance) VALUES (8,10,50.5203167383942);
INSERT INTO path (place_id1,place_id2,distance) VALUES (10,8,50.5203167383942);
INSERT INTO path (place_id1,place_id2,distance) VALUES (9,11,30.1750224713066);
INSERT INTO path (place_id1,place_id2,distance) VALUES (11,9,30.1750224713066);
INSERT INTO path (place_id1,place_id2,distance) VALUES (11,12,41.582056309114);
INSERT INTO path (place_id1,place_id2,distance) VALUES (12,11,41.582056309114);
INSERT INTO path (place_id1,place_id2,distance) VALUES (11,13,48.5425329170048);
INSERT INTO path (place_id1,place_id2,distance) VALUES (13,11,48.5425329170048);
INSERT INTO path (place_id1,place_id2,distance) VALUES (13,14,63.1572940802113);
INSERT INTO path (place_id1,place_id2,distance) VALUES (14,13,63.1572940802113);
INSERT INTO path (place_id1,place_id2,distance) VALUES (14,15,58.1297646755605);
INSERT INTO path (place_id1,place_id2,distance) VALUES (15,14,58.1297646755605);
INSERT INTO path (place_id1,place_id2,distance) VALUES (14,16,47.3085887347485);
INSERT INTO path (place_id1,place_id2,distance) VALUES (16,14,47.3085887347485);
INSERT INTO path (place_id1,place_id2,distance) VALUES (13,17,41.9092993171927);
INSERT INTO path (place_id1,place_id2,distance) VALUES (17,13,41.9092993171927);
INSERT INTO path (place_id1,place_id2,distance) VALUES (11,17,80.2261900556603);
INSERT INTO path (place_id1,place_id2,distance) VALUES (17,11,80.2261900556603);
INSERT INTO path (place_id1,place_id2,distance) VALUES (17,14,59.5108045709552);
INSERT INTO path (place_id1,place_id2,distance) VALUES (14,17,59.5108045709552);
INSERT INTO path (place_id1,place_id2,distance) VALUES (17,16,58.3210836958817);
INSERT INTO path (place_id1,place_id2,distance) VALUES (16,17,58.3210836958817);
INSERT INTO path (place_id1,place_id2,distance) VALUES (12,17,77.725514668961);
INSERT INTO path (place_id1,place_id2,distance) VALUES (17,12,77.725514668961);
INSERT INTO path (place_id1,place_id2,distance) VALUES (15,18,46.8672854129127);
INSERT INTO path (place_id1,place_id2,distance) VALUES (18,15,46.8672854129127);
INSERT INTO path (place_id1,place_id2,distance) VALUES (18,19,31.5607973500109);
INSERT INTO path (place_id1,place_id2,distance) VALUES (19,18,31.5607973500109);
INSERT INTO path (place_id1,place_id2,distance) VALUES (20,19,75.9096076370227);
INSERT INTO path (place_id1,place_id2,distance) VALUES (19,20,75.9096076370227);
INSERT INTO path (place_id1,place_id2,distance) VALUES (20,21,39.1760228275322);
INSERT INTO path (place_id1,place_id2,distance) VALUES (21,20,39.1760228275322);
INSERT INTO path (place_id1,place_id2,distance) VALUES (18,22,72.0747803333713);
INSERT INTO path (place_id1,place_id2,distance) VALUES (22,18,72.0747803333713);
INSERT INTO path (place_id1,place_id2,distance) VALUES (22,23,49.3138112317236);
INSERT INTO path (place_id1,place_id2,distance) VALUES (23,22,49.3138112317236);
INSERT INTO path (place_id1,place_id2,distance) VALUES (23,21,33.1295834311804);
INSERT INTO path (place_id1,place_id2,distance) VALUES (21,23,33.1295834311804);
INSERT INTO path (place_id1,place_id2,distance) VALUES (22,20,30.8913483594991);
INSERT INTO path (place_id1,place_id2,distance) VALUES (20,22,30.8913483594991);
INSERT INTO path (place_id1,place_id2,distance) VALUES (22,21,50.2957207151587);
INSERT INTO path (place_id1,place_id2,distance) VALUES (21,22,50.2957207151587);
INSERT INTO path (place_id1,place_id2,distance) VALUES (23,20,58.1849839172775);
INSERT INTO path (place_id1,place_id2,distance) VALUES (20,23,58.1849839172775);
INSERT INTO path (place_id1,place_id2,distance) VALUES (19,22,71.9686001871549);
INSERT INTO path (place_id1,place_id2,distance) VALUES (22,19,71.9686001871549);
INSERT INTO path (place_id1,place_id2,distance) VALUES (19,21,113.78983476924);
INSERT INTO path (place_id1,place_id2,distance) VALUES (21,19,113.78983476924);
INSERT INTO path (place_id1,place_id2,distance) VALUES (19,23,121.17954964279);
INSERT INTO path (place_id1,place_id2,distance) VALUES (23,19,121.17954964279);
INSERT INTO path (place_id1,place_id2,distance) VALUES (18,20,87.8066172423732);
INSERT INTO path (place_id1,place_id2,distance) VALUES (20,18,87.8066172423732);
INSERT INTO path (place_id1,place_id2,distance) VALUES (18,21,120.858351652975);
INSERT INTO path (place_id1,place_id2,distance) VALUES (21,18,120.858351652975);
INSERT INTO path (place_id1,place_id2,distance) VALUES (18,23,119.518412202727);
INSERT INTO path (place_id1,place_id2,distance) VALUES (23,18,119.518412202727);
INSERT INTO path (place_id1,place_id2,distance) VALUES (23,26,29.6669550295482);
INSERT INTO path (place_id1,place_id2,distance) VALUES (26,23,29.6669550295482);
INSERT INTO path (place_id1,place_id2,distance) VALUES (26,25,34.0099317702951);
INSERT INTO path (place_id1,place_id2,distance) VALUES (25,26,34.0099317702951);
INSERT INTO path (place_id1,place_id2,distance) VALUES (21,26,43.5848818762849);
INSERT INTO path (place_id1,place_id2,distance) VALUES (26,21,43.5848818762849);
INSERT INTO path (place_id1,place_id2,distance) VALUES (22,26,77.845267814784);
INSERT INTO path (place_id1,place_id2,distance) VALUES (26,22,77.845267814784);
INSERT INTO path (place_id1,place_id2,distance) VALUES (20,26,79.8968100830463);
INSERT INTO path (place_id1,place_id2,distance) VALUES (26,20,79.8968100830463);
INSERT INTO path (place_id1,place_id2,distance) VALUES (25,24,65.1961518847823);
INSERT INTO path (place_id1,place_id2,distance) VALUES (24,25,65.1961518847823);
INSERT INTO path (place_id1,place_id2,distance) VALUES (27,28,33.0478700624358);
INSERT INTO path (place_id1,place_id2,distance) VALUES (28,27,33.0478700624358);
INSERT INTO path (place_id1,place_id2,distance) VALUES (28,25,61.8996350761285);
INSERT INTO path (place_id1,place_id2,distance) VALUES (25,28,61.8996350761285);
INSERT INTO path (place_id1,place_id2,distance) VALUES (28,26,67.4749378545462);
INSERT INTO path (place_id1,place_id2,distance) VALUES (26,28,67.4749378545462);
INSERT INTO path (place_id1,place_id2,distance) VALUES (28,24,87.8083690990591);
INSERT INTO path (place_id1,place_id2,distance) VALUES (24,28,87.8083690990591);
INSERT INTO path (place_id1,place_id2,distance) VALUES (29,24,87.8554230356051);
INSERT INTO path (place_id1,place_id2,distance) VALUES (24,29,87.8554230356051);
INSERT INTO path (place_id1,place_id2,distance) VALUES (30,29,60.2438729884113);
INSERT INTO path (place_id1,place_id2,distance) VALUES (29,30,60.2438729884113);
INSERT INTO path (place_id1,place_id2,distance) VALUES (31,34,57.020612140341);
INSERT INTO path (place_id1,place_id2,distance) VALUES (34,31,57.020612140341);
INSERT INTO path (place_id1,place_id2,distance) VALUES (34,33,42.5785445740288);
INSERT INTO path (place_id1,place_id2,distance) VALUES (33,34,42.5785445740288);
INSERT INTO path (place_id1,place_id2,distance) VALUES (32,33,53.9469308860441);
INSERT INTO path (place_id1,place_id2,distance) VALUES (33,32,53.9469308860441);
INSERT INTO path (place_id1,place_id2,distance) VALUES (31,32,49.6305905461909);
INSERT INTO path (place_id1,place_id2,distance) VALUES (32,31,49.6305905461909);
INSERT INTO path (place_id1,place_id2,distance) VALUES (32,34,75.229130793765);
INSERT INTO path (place_id1,place_id2,distance) VALUES (34,32,75.229130793765);
INSERT INTO path (place_id1,place_id2,distance) VALUES (35,34,67.5845843432332);
INSERT INTO path (place_id1,place_id2,distance) VALUES (34,35,67.5845843432332);
INSERT INTO path (place_id1,place_id2,distance) VALUES (31,35,60.1464278618645);
INSERT INTO path (place_id1,place_id2,distance) VALUES (35,31,60.1464278618645);
INSERT INTO path (place_id1,place_id2,distance) VALUES (34,29,67.2395657649098);
INSERT INTO path (place_id1,place_id2,distance) VALUES (29,34,67.2395657649098);
INSERT INTO path (place_id1,place_id2,distance) VALUES (32,27,41.7862764537613);
INSERT INTO path (place_id1,place_id2,distance) VALUES (27,32,41.7862764537613);
INSERT INTO path (place_id1,place_id2,distance) VALUES (35,30,121.856668160479);
INSERT INTO path (place_id1,place_id2,distance) VALUES (30,35,121.856668160479);
INSERT INTO path (place_id1,place_id2,distance) VALUES (35,29,111.219834509629);
INSERT INTO path (place_id1,place_id2,distance) VALUES (29,35,111.219834509629);
INSERT INTO path (place_id1,place_id2,distance) VALUES (34,30,110.234751037896);
INSERT INTO path (place_id1,place_id2,distance) VALUES (30,34,110.234751037896);
INSERT INTO path (place_id1,place_id2,distance) VALUES (37,36,33.8308087954908);
INSERT INTO path (place_id1,place_id2,distance) VALUES (36,37,33.8308087954908);
INSERT INTO path (place_id1,place_id2,distance) VALUES (36,35,136.585915543468);
INSERT INTO path (place_id1,place_id2,distance) VALUES (35,36,136.585915543468);
INSERT INTO path (place_id1,place_id2,distance) VALUES (36,30,36.0334165490909);
INSERT INTO path (place_id1,place_id2,distance) VALUES (30,36,36.0334165490909);
INSERT INTO path (place_id1,place_id2,distance) VALUES (36,29,96.0581867046822);
INSERT INTO path (place_id1,place_id2,distance) VALUES (29,36,96.0581867046822);
INSERT INTO path (place_id1,place_id2,distance) VALUES (38,39,84.30847891795);
INSERT INTO path (place_id1,place_id2,distance) VALUES (39,38,84.30847891795);
INSERT INTO path (place_id1,place_id2,distance) VALUES (39,29,93.3537224700902);
INSERT INTO path (place_id1,place_id2,distance) VALUES (29,39,93.3537224700902);
INSERT INTO path (place_id1,place_id2,distance) VALUES (30,39,76.7842990779285);
INSERT INTO path (place_id1,place_id2,distance) VALUES (39,30,76.7842990779285);
INSERT INTO path (place_id1,place_id2,distance) VALUES (39,36,91.8712276594229);
INSERT INTO path (place_id1,place_id2,distance) VALUES (36,39,91.8712276594229);
INSERT INTO path (place_id1,place_id2,distance) VALUES (39,34,160.420740514481);
INSERT INTO path (place_id1,place_id2,distance) VALUES (34,39,160.420740514481);
INSERT INTO path (place_id1,place_id2,distance) VALUES (40,30,47.4963269555556);
INSERT INTO path (place_id1,place_id2,distance) VALUES (30,40,47.4963269555556);
INSERT INTO path (place_id1,place_id2,distance) VALUES (36,40,43.7233218299015);
INSERT INTO path (place_id1,place_id2,distance) VALUES (40,36,43.7233218299015);
INSERT INTO path (place_id1,place_id2,distance) VALUES (41,40,45.7529994126278);
INSERT INTO path (place_id1,place_id2,distance) VALUES (40,41,45.7529994126278);
INSERT INTO path (place_id1,place_id2,distance) VALUES (42,40,31.301748959156);
INSERT INTO path (place_id1,place_id2,distance) VALUES (40,42,31.301748959156);
INSERT INTO path (place_id1,place_id2,distance) VALUES (41,42,19.9564732904164);
INSERT INTO path (place_id1,place_id2,distance) VALUES (42,41,19.9564732904164);
INSERT INTO path (place_id1,place_id2,distance) VALUES (43,41,180.488028589298);
INSERT INTO path (place_id1,place_id2,distance) VALUES (41,43,180.488028589298);
INSERT INTO path (place_id1,place_id2,distance) VALUES (45,44,63.8918230070455);
INSERT INTO path (place_id1,place_id2,distance) VALUES (44,45,63.8918230070455);
INSERT INTO path (place_id1,place_id2,distance) VALUES (45,43,53.1015488309996);
INSERT INTO path (place_id1,place_id2,distance) VALUES (43,45,53.1015488309996);
INSERT INTO path (place_id1,place_id2,distance) VALUES (44,35,90.717583015628);
INSERT INTO path (place_id1,place_id2,distance) VALUES (35,44,90.717583015628);
INSERT INTO path (place_id1,place_id2,distance) VALUES (44,31,136.199239061941);
INSERT INTO path (place_id1,place_id2,distance) VALUES (31,44,136.199239061941);
INSERT INTO path (place_id1,place_id2,distance) VALUES (46,35,110.318719516043);
INSERT INTO path (place_id1,place_id2,distance) VALUES (35,46,110.318719516043);
INSERT INTO path (place_id1,place_id2,distance) VALUES (46,44,98.6438669797163);
INSERT INTO path (place_id1,place_id2,distance) VALUES (44,46,98.6438669797163);
INSERT INTO path (place_id1,place_id2,distance) VALUES (47,44,77.155233940191);
INSERT INTO path (place_id1,place_id2,distance) VALUES (44,47,77.155233940191);
INSERT INTO path (place_id1,place_id2,distance) VALUES (45,47,73.3664598175775);
INSERT INTO path (place_id1,place_id2,distance) VALUES (47,45,73.3664598175775);
INSERT INTO path (place_id1,place_id2,distance) VALUES (48,45,54.5107023296112);
INSERT INTO path (place_id1,place_id2,distance) VALUES (45,48,54.5107023296112);
INSERT INTO path (place_id1,place_id2,distance) VALUES (48,47,27.7673958118022);
INSERT INTO path (place_id1,place_id2,distance) VALUES (47,48,27.7673958118022);
INSERT INTO path (place_id1,place_id2,distance) VALUES (48,44,50.2529529459704);
INSERT INTO path (place_id1,place_id2,distance) VALUES (44,48,50.2529529459704);
INSERT INTO path (place_id1,place_id2,distance) VALUES (48,46,89.0590994442293);
INSERT INTO path (place_id1,place_id2,distance) VALUES (46,48,89.0590994442293);
INSERT INTO path (place_id1,place_id2,distance) VALUES (50,49,24.3860892339212);
INSERT INTO path (place_id1,place_id2,distance) VALUES (49,50,24.3860892339212);
INSERT INTO path (place_id1,place_id2,distance) VALUES (49,43,197.804942303834);
INSERT INTO path (place_id1,place_id2,distance) VALUES (43,49,197.804942303834);
INSERT INTO path (place_id1,place_id2,distance) VALUES (49,51,59.3347302136056);
INSERT INTO path (place_id1,place_id2,distance) VALUES (51,49,59.3347302136056);
INSERT INTO path (place_id1,place_id2,distance) VALUES (50,51,73.5317726779147);
INSERT INTO path (place_id1,place_id2,distance) VALUES (51,50,73.5317726779147);
INSERT INTO path (place_id1,place_id2,distance) VALUES (51,47,136.062311609167);
INSERT INTO path (place_id1,place_id2,distance) VALUES (47,51,136.062311609167);
INSERT INTO path (place_id1,place_id2,distance) VALUES (45,51,178.575492177247);
INSERT INTO path (place_id1,place_id2,distance) VALUES (51,45,178.575492177247);
INSERT INTO path (place_id1,place_id2,distance) VALUES (52,43,57.9529726985289);
INSERT INTO path (place_id1,place_id2,distance) VALUES (43,52,57.9529726985289);
INSERT INTO path (place_id1,place_id2,distance) VALUES (52,45,83.0314660888379);
INSERT INTO path (place_id1,place_id2,distance) VALUES (45,52,83.0314660888379);
INSERT INTO path (place_id1,place_id2,distance) VALUES (49,52,140.050952635281);
INSERT INTO path (place_id1,place_id2,distance) VALUES (52,49,140.050952635281);
INSERT INTO path (place_id1,place_id2,distance) VALUES (53,51,80.0772845287934);
INSERT INTO path (place_id1,place_id2,distance) VALUES (51,53,80.0772845287934);
INSERT INTO path (place_id1,place_id2,distance) VALUES (53,47,83.522373420734);
INSERT INTO path (place_id1,place_id2,distance) VALUES (47,53,83.522373420734);
INSERT INTO path (place_id1,place_id2,distance) VALUES (51,54,45.9829702269311);
INSERT INTO path (place_id1,place_id2,distance) VALUES (54,51,45.9829702269311);
INSERT INTO path (place_id1,place_id2,distance) VALUES (54,53,42.7431279358081);
INSERT INTO path (place_id1,place_id2,distance) VALUES (53,54,42.7431279358081);
INSERT INTO path (place_id1,place_id2,distance) VALUES (47,54,91.1315587959271);
INSERT INTO path (place_id1,place_id2,distance) VALUES (54,47,91.1315587959271);
INSERT INTO path (place_id1,place_id2,distance) VALUES (48,54,115.45852819387);
INSERT INTO path (place_id1,place_id2,distance) VALUES (54,48,115.45852819387);
INSERT INTO path (place_id1,place_id2,distance) VALUES (45,54,133.961433206919);
INSERT INTO path (place_id1,place_id2,distance) VALUES (54,45,133.961433206919);
INSERT INTO path (place_id1,place_id2,distance) VALUES (49,54,96.2098795429729);
INSERT INTO path (place_id1,place_id2,distance) VALUES (54,49,96.2098795429729);
INSERT INTO path (place_id1,place_id2,distance) VALUES (50,54,115.361272379893);
INSERT INTO path (place_id1,place_id2,distance) VALUES (54,50,115.361272379893);
INSERT INTO path (place_id1,place_id2,distance) VALUES (55,56,51.1326467541486);
INSERT INTO path (place_id1,place_id2,distance) VALUES (56,55,51.1326467541486);
INSERT INTO path (place_id1,place_id2,distance) VALUES (54,58,23.0337225642145);
INSERT INTO path (place_id1,place_id2,distance) VALUES (58,54,23.0337225642145);
INSERT INTO path (place_id1,place_id2,distance) VALUES (57,51,63.0735152005891);
INSERT INTO path (place_id1,place_id2,distance) VALUES (51,57,63.0735152005891);
INSERT INTO path (place_id1,place_id2,distance) VALUES (57,55,42.8183572097169);
INSERT INTO path (place_id1,place_id2,distance) VALUES (55,57,42.8183572097169);
INSERT INTO path (place_id1,place_id2,distance) VALUES (51,58,66.7594453349798);
INSERT INTO path (place_id1,place_id2,distance) VALUES (58,51,66.7594453349798);
INSERT INTO path (place_id1,place_id2,distance) VALUES (55,58,47.3685513122353);
INSERT INTO path (place_id1,place_id2,distance) VALUES (58,55,47.3685513122353);
INSERT INTO path (place_id1,place_id2,distance) VALUES (56,58,69.1682639936621);
INSERT INTO path (place_id1,place_id2,distance) VALUES (58,56,69.1682639936621);
INSERT INTO path (place_id1,place_id2,distance) VALUES (57,56,64.5925687999887);
INSERT INTO path (place_id1,place_id2,distance) VALUES (56,57,64.5925687999887);
INSERT INTO path (place_id1,place_id2,distance) VALUES (57,49,102.538599069135);
INSERT INTO path (place_id1,place_id2,distance) VALUES (49,57,102.538599069135);
INSERT INTO path (place_id1,place_id2,distance) VALUES (50,57,102.147096170515);
INSERT INTO path (place_id1,place_id2,distance) VALUES (57,50,102.147096170515);
INSERT INTO path (place_id1,place_id2,distance) VALUES (50,58,140.19007212405);
INSERT INTO path (place_id1,place_id2,distance) VALUES (58,50,140.19007212405);
INSERT INTO path (place_id1,place_id2,distance) VALUES (59,57,45.4549020289674);
INSERT INTO path (place_id1,place_id2,distance) VALUES (57,59,45.4549020289674);
INSERT INTO path (place_id1,place_id2,distance) VALUES (56,60,65.6807397241181);
INSERT INTO path (place_id1,place_id2,distance) VALUES (60,56,65.6807397241181);
INSERT INTO path (place_id1,place_id2,distance) VALUES (59,60,91.8414334531353);
INSERT INTO path (place_id1,place_id2,distance) VALUES (60,59,91.8414334531353);
INSERT INTO path (place_id1,place_id2,distance) VALUES (60,61,53.347065224753);
INSERT INTO path (place_id1,place_id2,distance) VALUES (61,60,53.347065224753);
INSERT INTO path (place_id1,place_id2,distance) VALUES (56,61,60.6020813348209);
INSERT INTO path (place_id1,place_id2,distance) VALUES (61,56,60.6020813348209);
INSERT INTO path (place_id1,place_id2,distance) VALUES (59,61,136.09895919926);
INSERT INTO path (place_id1,place_id2,distance) VALUES (61,59,136.09895919926);
INSERT INTO path (place_id1,place_id2,distance) VALUES (61,62,62.1976016570904);
INSERT INTO path (place_id1,place_id2,distance) VALUES (62,61,62.1976016570904);
INSERT INTO path (place_id1,place_id2,distance) VALUES (56,62,97.8468762002433);
INSERT INTO path (place_id1,place_id2,distance) VALUES (62,56,97.8468762002433);
INSERT INTO path (place_id1,place_id2,distance) VALUES (62,60,115.46414573261);
INSERT INTO path (place_id1,place_id2,distance) VALUES (60,62,115.46414573261);
INSERT INTO path (place_id1,place_id2,distance) VALUES (63,64,24.5793862271485);
INSERT INTO path (place_id1,place_id2,distance) VALUES (64,63,24.5793862271485);
INSERT INTO path (place_id1,place_id2,distance) VALUES (63,61,57.2295479349736);
INSERT INTO path (place_id1,place_id2,distance) VALUES (61,63,57.2295479349736);
INSERT INTO path (place_id1,place_id2,distance) VALUES (63,60,22.2974734002947);
INSERT INTO path (place_id1,place_id2,distance) VALUES (60,63,22.2974734002947);
INSERT INTO path (place_id1,place_id2,distance) VALUES (63,62,117.855096648363);
INSERT INTO path (place_id1,place_id2,distance) VALUES (62,63,117.855096648363);
INSERT INTO path (place_id1,place_id2,distance) VALUES (61,46,136.950755999439);
INSERT INTO path (place_id1,place_id2,distance) VALUES (46,61,136.950755999439);
INSERT INTO path (place_id1,place_id2,distance) VALUES (56,46,139.729876342119);
INSERT INTO path (place_id1,place_id2,distance) VALUES (46,56,139.729876342119);
INSERT INTO path (place_id1,place_id2,distance) VALUES (59,63,108.518114516315);
INSERT INTO path (place_id1,place_id2,distance) VALUES (63,59,108.518114516315);
INSERT INTO path (place_id1,place_id2,distance) VALUES (66,65,39.1313881254185);
INSERT INTO path (place_id1,place_id2,distance) VALUES (65,66,39.1313881254185);
INSERT INTO path (place_id1,place_id2,distance) VALUES (66,61,65.7017395600917);
INSERT INTO path (place_id1,place_id2,distance) VALUES (61,66,65.7017395600917);
INSERT INTO path (place_id1,place_id2,distance) VALUES (66,62,99.6153287888138);
INSERT INTO path (place_id1,place_id2,distance) VALUES (62,66,99.6153287888138);
INSERT INTO path (place_id1,place_id2,distance) VALUES (66,60,78.6680130620364);
INSERT INTO path (place_id1,place_id2,distance) VALUES (60,66,78.6680130620364);
INSERT INTO path (place_id1,place_id2,distance) VALUES (63,66,61.0672978970865);
INSERT INTO path (place_id1,place_id2,distance) VALUES (66,63,61.0672978970865);
INSERT INTO path (place_id1,place_id2,distance) VALUES (66,56,122.579141212804);
INSERT INTO path (place_id1,place_id2,distance) VALUES (56,66,122.579141212804);
INSERT INTO path (place_id1,place_id2,distance) VALUES (67,69,53.9811926900893);
INSERT INTO path (place_id1,place_id2,distance) VALUES (69,67,53.9811926900893);
INSERT INTO path (place_id1,place_id2,distance) VALUES (68,69,42.1651367302771);
INSERT INTO path (place_id1,place_id2,distance) VALUES (69,68,42.1651367302771);
INSERT INTO path (place_id1,place_id2,distance) VALUES (68,67,47.7663100347099);
INSERT INTO path (place_id1,place_id2,distance) VALUES (67,68,47.7663100347099);
INSERT INTO path (place_id1,place_id2,distance) VALUES (154,153,58.5012838738723);
INSERT INTO path (place_id1,place_id2,distance) VALUES (153,154,58.5012838738723);
INSERT INTO path (place_id1,place_id2,distance) VALUES (67,49,97.4450282277675);
INSERT INTO path (place_id1,place_id2,distance) VALUES (49,67,97.4450282277675);
INSERT INTO path (place_id1,place_id2,distance) VALUES (152,67,11.8274386499455);
